1
2
3
4
5
6
7
8
9
10
11
12
13
14
15
16
17
18
19
20
22
23
24
33
34
35
36
37
38
39
41
42
44
45
46
47
48
51
52
53
54
55
56
57
58
59
60
61
62
63
64
65
66
67
68
69
70
71
72
73
74
75
76
79
80
81
82
87
89
90
91
92
93
94
95
96
98
99
100
101
102
103
104
115
116
117
118
119
120
121
122
131
132
133
134
135
136
152
153
154
155
156
160
166
167
170
172
190
194
195
245
246
255
272
273
287
298
299
300
304
312
313
348
349
350
351
352
353
354
355
356
357
358
359
360
361
365
366
367
368
369
370
371
372
375
376
377
378
379
380
381
388
389
390
393
394
398
399
409
410
411
412
414
415
416
450
451
452
453
492
635
651
723
733
779
787
788
789
823
881
882
883
970
993
1161
1181
1276
1277
1278
1279
1280
1281
1282
1283
1284
1285
1286
1289
1290
1291
1292
1293
1294
1295
1306
1307
1308
1309
1315
1316
1317
1318
1319
1330
1331
1332
1365
1383
1384
1408
1409
1410
1411
1412
1413
1506
1507
1508
1511
1512
1513
1514
1515
1516
1517
1519
1520
1526
1528
1529
1530
1531
1533
1534
1536
1537
1539
1540
1542
1543
1544
1545
1551
1552
1553
1556
1557
1558
1560
1561
1568
1569
1570
1571
1573
1574
1575
1576
1583
1584
1586
1587
1589
1590
1591
1592
1594
1595
1596
1597
1598
1599
1600
1601
1722
1723
1724
1725
1726
1727
1728
1729
1730
1731
1732
1733
1734
1736
1737
1738
1739
1740
1741
1742
1743
1744
1745
1746
1747
1748
1749
1750
1751
1752
1753
1754
1755
1756
1757
1758
1759
1761
1762
1764
1765
1766
1767
1768
1782
1804
1805
1810
1814
1815
1816
1817
1947
1948
1967
1968
1985
1986
1987
1989
1990
1991
1992
1993
1994
1995
1996
1997
1999
2000
2002
2010
2011
2012
2013
2014
2015
2020
2022
2023
2024
2025
2028
2029
2030
2031
2032
2034
2036
2038
2039
2041
2048
2049
2050
2051
2054
2056
2057
2058
2060
2062
2063
2064
2065
2067
2068
2069
2071
2072
2073
2074
2075
2076
2077
2078
2079
2081
2082
2083
2084
2085
2086
2087
2088
2090
2091
2092
2093
2094
2095
2096
2097
2098
2099
2100
2101
2102
2103
2104
2105
2106
2107
2108
2109
2110
2111
2112
2113
2114
2115
2116
2117
2119
2120
2121
2122
2123
2124
2125
2126
2127
2128
2129
2130
2131
2132
2133
2134
2135
2136
2137
2138
2139
2140
2143
2144
2145
2147
2148
2154
2155
2156
2157
2158
2159
2160
2161
2164
2165
2166
2167
2172
2173
2174
2175
2178
2179
2181
2182
2183
2184
2185
2186
2187
2188
2189
2190
2191
2192
2193
2194
2199
2200
2210
2211
2213
2216
2217
2218
2219
2220
2221
2222
2223
2224
2225
2226
2227
2229
2230
2231
2234
2235
2236
2237
2238
2239
2240
2241
2242
2243
2246
2247
2248
2249
2250
2253
2254
2255
2256
2257
2258
2259
2260
2261
2262
2265
2266
2267
2268
2269
2271
2272
2273
2274
2282
2283
2284
2285
2286
2287
2288
2289
2290
2294
2295
2296
2297
2298
2299
2300
2301
2302
2303
2307
2308
2309
2311
2312
2313
2314
2315
2316
2317
2318
2320
2321
2322
2323
2324
2325
2328
2332
2333
2334
2335
2337
2338
2339
2341
2342
2350
2351
2352
2353
2354
2355
2356
2357
2358
2360
2361
2362
2363
2366
2367
2368
2369
2370
2371
2372
2373
2374
2375
2380
2391
2392
2393
2394
2397
2398
2399
2400
2401
2402
2403
2404
2405
2406
2407
2408
2409
2410
2411
2412
2413
2414
2415
2416
2417
2418
2421
2422
2423
2424
2425
2426
2427
2428
2429
2430
2431
2432
2433
2434
2435
2436
2438
2439
2444
2446
2447
2448
2451
2465
2466
2467
2468
2469
2470
2471
2472
2473
2474
2475
2476
2477
2478
2479
2480
2481
2482
2483
2484
2485
2486
2487
2488
2489
2490
2491
2492
2511
2512
2513
2514
2517
2520
2521
2522
2523
2524
2525
2526
2528
2530
2533
2534
2535
2537
2539
2540
2541
2542
2543
2544
2545
2546
2547
2548
2549
2550
2551
2552
2553
2554
2555
2556
2557
2558
2559
2560
2561
2562
2563
2564
2565
2566
2567
2568
2569
2570
2571
2572
2573
2575
2577
2579
2581
2583
2584
2585
2586
2587
2588
2589
2590
2591
2592
2593
2594
2595
2596
2597
2598
2599
2600
2601
2602
2603
2604
2605
2606
2607
2608
2609
2610
2611
2612
2613
2614
2615
2616
2617
2618
2619
2620
2621
2622
2623
2624
2625
2626
2627
2628
2629
2630
2631
2632
2633
2634
2635
2636
2640
2641
2643
2644
2646
2647
2650
2652
2654
2655
2656
2657
2658
2659
2660
2661
2663
2664
2665
2667
2668
2670
2672
2673
2674
2675
2676
2677
2678
2680
2681
2683
2684
2685
2686
2687
2688
2689
2690
2691
2692
2693
2694
2695
2696
2697
2698
2699
2700
2702
2703
2704
2705
2706
2707
2708
2709
2710
2711
2712
2715
2718
2720
2721
2781
2786
2787
2788
2789
2790
2792
2793
2794
2795
2796
2797
2798
2799
2800
2801
2802
2803
2804
2805
2806
2807
2808
2809
2810
2811
2812
2813
2814
2815
2816
2817
2818
2819
2820
2821
2822
2823
2825
2826
2827
2830
2831
2832
2833
2834
2835
2836
2837
2844
2845
2846
2847
2848
2849
2850
2851
2852
2853
2854
2856
2857
2858
2861
2862
2863
2864
2865
2866
2867
2868
2869
2871
2872
2873
2874
2875
2878
2879
2880
2881
2882
2883
2884
2885
2886
2887
2889
2890
2892
2893
2896
2897
2900
2901
2902
2903
2904
2905
2906
2907
2908
2909
2910
2911
2912
2913
2916
2918
2919
2920
2921
2922
2923
2926
2927
2928
2929
2930
2932
2934
2935
2936
2937
2938
2939
2941
2942
2943
2944
2954
2958
2959
2960
2961
2962
2963
2964
2965
2966
2969
2970
2971
2972
2973
2974
2975
2977
2978
2979
2989
2990
2991
2992
2993
2994
2995
2996
2997
2998
3014
3015
3016
3017
3018
3019
3020
3021
3022
3023
3024
3025
3026
3027
3028
3029
3030
3031
3032
3033
3034
3035
3036
3037
3039
3040
3041
3042
3043
3044
3045
3077
3078
3079
3082
3083
3108
3109
3111
3112
3113
3114
3190
3191
3192
3193
3194
3195
3197
3198
3203
3205
3209
3211
3213
3214
3217
3218
3219
3220
3221
3222
3223
3224
3230
3234
3235
3236
3237
3238
3241
3254
3255
3263
3264
3265
3266
3267
3268
3270
3271
3272
3273
3274
3276
3295
3296
3297
3298
3299
3301
3302
3305
3307
3308
3309
3333
3334
3337
3339
3340
3343
3351
3352
3353
3354
3360
3361
3362
3365
3366
3377
3378
3379
3380
3381
3394
3395
3396
3397
3398
3399
3400
3401
3406
3409
3415
3416
3431
3432
3433
3440
3441
3443
3444
3445
3463
3480
3485
3489
3490
3493
3494
3495
3496
3497
3498
3499
3500
3506
3507
3509
3511
3513
3516
3517
3520
3521
3522
3525
3526
3527
3528
3529
3546
3551
3553
3555
3557
3559
3561
3564
3565
3566
3570
3571
3572
3578
3581
3583
3608
3610
3617
3618
3626
3628
3629
3630
3631
3632
3634
3635
3636
3662
3685
3686
3687
3722
3723
3725
3726
3727
3728
3730
3735
3736
3742
3743
3745
3746
3747
3748
3757
3758
3759
3760
3761
3762
3763
3764
3765
3767
3771
3772
3773
3774
3776
3777
3780
3782
3783
3785
3786
3788
3789
3790
3791
3803
3804
3810
3816
3817
3821
3822
3828
3829
3831
3832
3863
3879
3881
3882
3883
3921
3922
3923
3924
3925
3927
3931
3932
3933
3937
3938
3939
3941
3944
3945
3962
3963
3964
3975
3980
3996
3998
3999
4004
4005
4006
4007
4008
4026
4027
4028
4029
4030
4031
4039
4058
4059
4060
4062
4064
4066
4068
4069
4070
4071
4072
4073
4074
4075
4076
4077
4078
4079
4080
4081
4082
4083
4084
4085
4086
4087
4088
4089
4091
4093
4100
4101
4102
4103
4104
4105
4106
4107
4108
4109
4111
4112
4113
4114
4115
4116
4117
4118
4119
4120
4121
4122
4123
4124
4125
4126
4127
4128
4129
4130
4132
4133
4139
4140
4142
4143
4147
4148
4150
4151
4152
4153
4154
4155
4156
4157
4158
4159
4160
4161
4162
4163
4164
4165
4166
4167
4168
4170
4171
4173
4174
4177
4178
4179
4180
4181
4182
4183
4184
4185
4186
4187
4188
4189
4247
4248
4250
4251
4252
4253
4277
4278
4300
4301
4304
4308
4309
4311
4312
4377
4378
4381
4382
4383
4385
4386
4387
4388
4389
4390
4406
4407
4408
4411
4412
4413
4415
4416
4417
4418
4419
4420
4423
4424
4425
4426
4427
4428
4429
4430
4431
4432
4433
4434
4437
4438
4444
4448
4458
4459
4460
4461
4462
4463
4464
4465
4466
4467
4468
4469
4470
4471
4472
4483
4484
4485
4487
4490
4491
4492
4493
4494
4495
4496
4497
4498
4499
4500
4543
4544
4545
4546
4550
4551
4552
4553
4554
4555
4556
4557
4558
4559
4568
4569
4570
4577
4615
4616
4617
4620
4621
4622
4623
4624
4625
4626
4627
4629
4630
4631
4632
4633
4634
4636
4637
4638
4639
4640
4642
4643
4644
4645
4646
4647
4648
4652
4653
4671
4672
4674
4675
4676
4677
4678
4679
4696
4697
4705
4706
4707
4708
4710
4712
4713
4714
4715
4716
4717
4718
4719
4720
4721
4722
4723
4724
4725
4726
4727
4728
4743
4744
4745
4746
4749
4750
4751
4752
4753
4754
4755
4756
4771
4772
4773
4774
4775
4776
4777
4778
4779
4780
4781
4787
4788
4798
4799
4800
4807
4818
4820
4827
4859
4868
4869
4870
4871
4874
4875
4876
4877
4878
4879
4880
4881
4883
4887
4888
4889
4900
4901
4902
4903
4911
4912
4913
4914
4915
4918
4919
4920
4921
4922
4923
4924
4926
4927
4928
4932
4933
4937
4938
4940
4942
4949
4950
4951
4952
4953
4954
4955
4956
4957
4962
4963
4964
4965
4966
4967
4968
4969
4970
4971
4972
4973
4974
4975
4976
4977
4978
4979
4980
4981
4982
4983
4984
4985
4986
4987
4988
4989
4990
4991
4992
4993
4994
4995
4996
5002
5003
5005
5006
5007
5008
5009
5010
5011
5012
5013
5014
5015
5016
5025
5043
5044
5046
5050
5052
5054
5055
5056
5057
5058
5059
5060
5061
5082
5083
5084
5088
5090
5094
5096
5097
5098
5099
5100
5103
5104
5105
5106
5107
5110
5111
5126
5127
5128
5130
5131
5132
5133
5134
5135
5136
5138
5139
5140
5141
5152
5156
5157
5158
5159
5160
5161
5162
5163
5164
5166
5167
5168
5169
5170
5172
5174
5176
5183
5186
5187
5188
5206
5207
5244
5245
5250
5251
5252
5253
5254
5255
5256
5257
5258
5259
5262
5263
5264
5265
5266
5267
5268
5269
5270
5272
5273
5274
5276
5278
5279
5280
5281
5282
5284
5285
5286
5287
5330
5415
5416
5453
5454
5488
5490
5491
5493
5501
5538
5551
5552
5553
5554
5581
5583
5584
5585
5618
5619
5622
5623
5624
5667
5793
5794
5795
5796
5797
5798
5799
5800
5801
5802
5803
5804
5805
5806
5808
5809
5813
5815
5816
5817
5818
5819
5831
5842
5847
5848
5849
5850
5851
5855
5856
5857
5858
5859
5883
5885
5886
5887
5888
5889
5890
5891
5893
5897
5902
5903
5904
5905
5946
5947
5948
5949
5959
5960
5973
5975
5977
5978
5979
5980
5989
5990
5991
5998
6045
6084
6085
6086
6087
6088
6089
6090
6091
6092
6100
6101
6102
6103
6104
6105
6106
6107
6108
6109
6110
6111
6112
6113
6114
6115
6162
6163
6164
6165
6166
6176
6189
6238
6240
6242
6243
6244
6245
6246
6257
6258
6259
6260
6261
6262
6274
6275
6276
6277
6278
6279
6280
6281
6282
6292
6294
6307
6308
6311
6312
6313
6363
6364
6372
6373
6418
6419
6420
6423
6425
6427
6429
6431
6433
6434
6435
6436
6439
6441
6442
6443
6444
6445
6446
6447
6448
6450
6451
6452
6455
6456
6461
6462
6481
6494
6497
6498
6499
6500
6501
6502
6503
6504
6512
6513
6514
6515
6516
6517
6523
6545
6547
6551
6552
6553
6555
6561
6572
6574
6578
6579
6581
6606
6614
6615
6620
6623
6624
6625
6626
6627
6630
6632
6635
6637
6639
6641
6643
6645
6646
6647
6648
6649
6657
6658
6659
6660
6669
6670
6671
6672
6673
6702
6703
6704
6705
6706
6707
6708
6714
6733
6771
6772
6773
6774
6775
6821
6822
6823
6836
6839
6840
6841
6842
6844
6845
6846
6847
6848
6849
6850
6853
6871
6872
6875
6876
6877
6881
6882
6883
6888
6889
6890
6891
6892
6893
6894
6897
6905
6910
6911
6912
6914
6916
6919
6920
6921
6922
6923
6924
6943
6944
6945
6946
6947
6948
6969
6970
6975
6976
6977
7028
7029
7030
7049
7050
7051
7052
7053
7056
7057
7058
7059
7060
7061
7062
7063
7064
7065
7066
7067
7068
7069
7070
7071
7072
7073
7074
7075
7076
7077
7078
7079
7080
7081
7082
7083
7084
7085
7086
7087
7088
7089
7092
7104
7106
7108
7110
7112
7114
7116
7118
7120
7122
7124
7126
7128
7129
7130
7131
7132
7133
7134
7135
7136
7137
7138
7139
7140
7141
7154
7158
7161
7164
7165
7168
7219
7220
7221
7222
7227
7228
7229
7230
7231
7232
7233
7234
7236
7237
7239
7240
7245
7246
7249
7251
7255
7256
7257
7258
7259
7260
7272
7273
7274
7277
7278
7281
7284
7285
7286
7287
7288
7289
7302
7303
7304
7305
7306
7307
7308
7309
7310
7311
7312
7313
7314
7315
7316
7317
7318
7319
7320
7321
7322
7323
7324
7325
7326
7327
7328
7329
7330
7333
7334
7335
7336
7337
7338
7339
7340
7343
7344
7345
7347
7348
7349
7350
7351
7352
7353
7354
7373
7374
7399
7400
7401
7402
7408
7409
7410
7411
7412
7413
7414
7415
7416
7417
7418
7419
7420
7421
7422
7423
7424
7425
7426
7427
7428
7429
7430
7433
7434
7435
7442
7443
7527
7557
7558
7559
7560
7561
7562
7563
7564
7565
7566
7567
7568
7569
7570
7571
7573
7574
7575
7576
7581
7582
7583
7584
7585
7586
7587
7588
7589
7590
7591
7592
7593
7594
7595
7596
7597
7598
7599
7600
7601
7602
7603
7604
7605
7606
7607
7608
7609
7610
7611
7612
7613
7614
7615
7616
7617
7618
7619
7620
7621
7622
7623
7624
7625
7626
7627
7628
7629
7630
7631
7632
7633
7634
7635
7636
7637
7638
7639
7640
7641
7642
7643
7644
7645
7646
7647
7648
7649
7650
7651
7652
7653
7654
7655
7656
7657
7658
7659
7660
7661
7662
7663
7664
7665
7666
7667
7668
7669
7670
7671
7672
7673
7674
7675
7676
7677
7678
7679
7680
7681
7682
7683
7684
7685
7686
7687
7688
7689
7690
7691
7692
7693
7694
7695
7696
7697
7698
7699
7700
7701
7702
7703
7704
7705
7706
7707
7708
7709
7710
7711
7712
7713
7714
7715
7716
7717
7718
7719
7720
7721
7722
7723
7724
7725
7726
7727
7728
7729
7730
7731
7732
7733
7734
7735
7736
7737
7738
7739
7740
7741
7742
7743
7744
7745
7746
7747
7748
7749
7750
7751
7752
7753
7754
7755
7756
7757
7758
7759
7760
7761
7762
7763
7764
7765
7766
7767
7768
7769
7770
7772
7773
7774
7775
7776
7777
7778
7779
7780
7781
7782
7783
7784
7785
7786
7787
7788
7789
7790
7791
7792
7793
7794
7795
7796
7797
7798
7799
7800
7801
7802
7803
7804
7805
7806
7810
7812
7813
7820
7822
7823
7829
7830
7831
7833
7834
7835
7840
7841
7842
7843
7844
7845
7846
7851
7852
7853
7854
7855
7856
7857
7858
7859
7860
7861
7862
7863
7864
7865
7866
7867
7868
7869
7870
7871
7872
7873
7874
7875
7876
7877
7878
7879
7880
7881
7882
7883
7884
7885
7886
7887
7888
7889
7890
7891
7892
7893
7894
7895
7896
7897
7898
7899
7900
7901
7902
7903
7904
7905
7906
7907
7908
7909
7910
7911
7912
7913
7914
7915
7916
7917
7918
7919
7920
7921
7922
7923
7924
7925
7926
7927
7928
7929
7930
7931
7932
7933
7934
7935
7936
7937
7938
7939
7940
7941
7942
7943
7944
7945
7946
7947
7948
7949
7950
7951
7952
7953
7954
7955
7956
7957
7958
7959
7960
7961
7966
7967
7968
7969
7970
7971
7972
7973
7974
7975
7976
7977
7978
7979
7980
7981
7982
7983
7984
7985
7986
7987
7988
7989
7990
7991
7992
7993
7994
7995
7996
7997
7998
7999
8000
8001
8002
8003
8004
8005
8006
8007
8008
8009
8010
8011
8012
8013
8014
8015
8016
8017
8018
8019
8020
8021
8022
8023
8024
8025
8026
8027
8028
8029
8030
8031
8032
8033
8034
8035
8036
8037
8038
8039
8040
8041
8042
8043
8044
8045
8046
8047
8048
8049
8050
8051
8052
8053
8054
8055
8056
8057
8058
8059
8060
8061
8062
8063
8064
8065
8066
8067
8068
8069
8070
8071
8072
8073
8074
8075
8076
8077
8078
8079
8080
8081
8082
8083
8084
8085
8086
8087
8088
8089
8090
8091
8092
8093
8094
8095
8096
8097
8098
8099
8100
8101
8102
8103
8104
8105
8106
8107
8108
8109
8110
8111
8112
8113
8114
8115
8116
8117
8118
8119
8120
8121
8122
8123
8124
8125
8126
8127
8128
8129
8130
8131
8132
8133
8134
8135
8136
8137
8138
8139
8140
8141
8142
8143
8144
8145
8146
8147
8148
8149
8154
8155
8156
8157
8158
8159
8160
8161
8162
8163
8164
8165
8166
8167
8168
8169
8170
8171
8172
8177
8178
8179
8180
8181
8182
8183
8184
8185
8186
8187
8188
8189
8190
8191
8192
8193
8194
8195
8196
8197
8198
8199
8200
8201
8202
8203
8204
8205
8206
8207
8208
8209
8210
8211
8212
8213
8214
8215
8216
8217
8218
8219
8220
8221
8222
8223
8224
8225
8226
8227
8228
8229
8230
8231
8232
8233
8234
8235
8236
8237
8238
8239
8240
8241
8242
8243
8244
8245
8246
8247
8248
8249
8250
8251
8252
8253
8254
8255
8256
8257
8258
8259
8260
8261
8262
8263
8264
8265
8266
8267
8268
8269
8270
8271
8272
8273
8274
8275
8276
8277
8278
8279
8280
8281
8282
8283
8284
8285
8286
8287
8288
8289
8290
8291
8292
8293
8294
8295
8296
8297
8298
8299
8300
8301
8302
8303
8304
8305
8306
8307
8308
8309
8310
8311
8312
8313
8314
8315
8316
8317
8318
8319
8320
8321
8322
8323
8324
8325
8326
8327
8328
8329
8330
8331
8332
8333
8334
8335
8336
8339
8340
8341
8342
8343
8344
8345
8346
8347
8348
8349
8350
8351
8352
8353
8354
8355
8356
8357
8358
8359
8360
8361
8362
8363
8364
8365
8366
8367
8368
8369
8370
8371
8372
8373
8374
8375
8376
8377
8378
8379
8380
8381
8392
8393
8394
8395
8396
8397
8398
8399
8400
8401
8402
8403
8404
8405
8406
8407
8408
8409
8410
8411
8412
8413
8414
8415
8416
8417
8418
8419
8420
8421
8422
8423
8424
8425
8426
8427
8428
8429
8430
8431
8432
8433
8434
8435
8436
8437
8438
8439
8440
8441
8442
8443
8444
8445
8446
8447
8448
8449
8450
8451
8452
8453
8454
8455
8456
8457
8458
8459
8460
8461
8462
8463
8464
8465
8466
8467
8468
8473
8474
8475
8476
8477
8478
8479
8480
8481
8482
8483
8484
8485
8486
8487
8488
8489
8490
8491
8492
8493
8494
8495
8496
8497
8498
8499
8500
8501
8502
8503
8504
8505
8506
8507
8508
8509
8510
8511
8512
8513
8514
8515
8516
8517
8518
8519
8520
8521
8522
8523
8524
8525
8526
8527
8528
8529
8530
8531
8532
8533
8534
8535
8536
8537
8538
8539
8540
8541
8542
8543
8544
8545
8546
8547
8548
8549
8558
8559
8560
8561
8562
8563
8564
8565
8566
8567
8568
8569
8570
8571
8572
8573
8574
8575
8576
8577
8578
8579
8580
8581
8582
8583
8584
8585
8586
8587
8588
8589
8590
8591
8592
8593
8594
8595
8596
8597
8598
8599
8600
8601
8602
8603
8604
8605
8606
8607
8608
8609
8610
8611
8612
8613
8614
8615
8616
8617
8618
8619
8620
8621
8622
8623
8624
8625
8626
8627
8628
8629
8630
8631
8632
8633
8634
8635
8636
8637
8638
8639
8640
8641
8642
8643
8644
8645
8646
8647
8648
8649
8650
8651
8652
8653
8654
8655
8656
8657
8658
8659
8660
8661
8662
8663
8664
8665
8666
8667
8668
8669
8670
8671
8672
8673
8674
8675
8676
8677
8678
8679
8680
8681
8682
8683
8684
8685
8686
8689
8695
8696
8717
8738
8739
8740
8741
8742
8744
8745
8746
8748
8749
8752
8753
8754
8783
8785
8786
8787
8788
8789
8791
8795
8797
8798
8799
8800
8809
8810
8811
8812
8813
8818
8819
8820
8821
8865
8866
8867
8868
8869
8870
8878
8879
8881
8883
8884
8910
8913
8914
8915
8916
8924
8925
8929
8930
8956
8958
8959
8960
8966
8972
8986
8987
8988
8998
8999
9000
9001
9002
9003
9004
9005
9008
9009
9010
9011
9012
9013
9014
9015
9016
9017
9018
9019
9020
9021
9022
9023
9024
9025
9026
9027
9028
9029
9030
9031
9032
9034
9036
9038
9039
9044
9045
9046
9047
9048
9049
9050
9051
9052
9053
9054
9084
9085
9086
9087
9088
9089
9090
9091
9093
9096
9097
9100
9103
9105
9117
9121
9138
9140
9141
9143
9146
9147
9166
9167
9168
9169
9177
9178
9179
9180
9181
9182
9183
9184
9185
9186
9187
9188
9203
9204
9210
9211
9212
9213
9219
9220
9221
9222
9224
9225
9226
9227
9233
9234
9235
9236
9246
9248
9258
9259
9260
9261
9262
9293
9294
9295
9296
9297
9299
9300
9301
9302
9303
9304
9305
9306
9307
9308
9309
9310
9311
9312
9314
9315
9316
9317
9319
9320
9321
9322
9323
9324
9325
9326
9327
9328
9329
9330
9331
9332
9334
9335
9336
9337
9338
9339
9340
9356
9357
9358
9359
9367
9368
9369
9390
9391
9398
9430
9431
9432
9433
9434
9437
9443
9470
9471
9472
9523
9533
9534
9535
9536
9558
9559
9560
9562
9563
9564
9565
9582
9584
9607
9608
9609
9611
9662
9706
9707
9708
9709
9710
9711
9712
9713
9714
9715
9716
9717
9718
9719
9720
9721
9722
9723
9724
9725
9726
9727
9728
9729
9730
9731
9732
9733
9734
9735
9736
9737
9744
9745
9748
9749
9751
9753
9754
9755
9756
9757
9758
9759
9760
9761
9762
9763
9764
9765
9766
9767
9775
9898
9899
9900
9901
9902
9903
9904
9905
9906
9907
9908
9909
9910
9911
9912
9913
9914
9915
9916
9917
9918
9919
9920
9921
9922
9923
9924
9925
9926
9927
9928
9929
9930
9931
9932
9933
9934
9935
9936
9937
9973
9975
9977
9978
9979
10015
10016
10017
10018
10033
10035
10036
10038
10041
10076
10077
10078
10079
10081
10082
10083
10087
10088
10089
10090
10091
10093
10094
10097
10098
10099
10100
10101
10102
10103
10136
10137
10148
10162
10163
10165
10166
10167
10168
10171
10172
10177
10193
10194
10195
10196
10197
10198
10199
10200
10201
10202
10203
10204
10205
10206
10207
10208
10209
10210
10211
10212
10213
10214
10215
10216
10217
10218
10219
10220
10221
10222
10223
10224
10225
10226
10227
10228
10229
10230
10246
10247
10248
10251
10260
10261
10262
10263
10264
10265
10267
10269
10271
10273
10283
10287
10288
10290
10291
10308
10309
10318
10319
10321
10322
10323
10325
10327
10335
10336
10337
10338
10342
10343
10344
10345
10375
10378
10379
10380
10381
10382
10383
10384
10385
10386
10387
10405
10407
10416
10417
10418
10419
10420
10421
10423
10425
10427
10429
10431
10434
10439
10493
10494
10517
10525
10526
10527
10528
10529
10530
10553
10554
10556
10557
10558
10559
10560
10562
10583
10584
10585
10586
10587
10595
10596
10639
10640
10666
10672
10673
10674
10675
10679
10680
10681
10682
10683
10684
10685
10686
10687
10688
10689
10690
10691
10692
10693
10694
10695
10696
10697
10698
10699
10707
10708
10721
10725
10726
10727
10728
10734
10735
10771
10772
10773
10774
10775
10776
10778
10779
10780
10781
10782
10783
10784
10785
10786
10787
10788
10789
10790
10791
10792
10793
10794
10795
10796
10797
10798
10799
10800
10801
10802
10803
10804
10805
10817
10818
10819
10851
10852
10855
10856
10857
10858
10859
10860
10861
10862
10863
10864
10865
10867
10868
10882
10883
10884
10885
10886
10887
10888
10889
10944
10945
10946
10947
10948
10949
10950
11005
11010
11017
11018
11019
11020
11021
11022
11023
11024
11025
11040
11041
11042
11043
11044
11050
11051
11053
11055
11057
11060
11061
11062
11063
11064
11066
11068
11070
11097
11151
11152
11163
11164
11165
11166
11167
11168
11169
11170
11171
11172
11173
11174
11175
11176
11177
11178
11179
11180
11181
11182
11183
11184
11185
11186
11187
11188
11189
11190
11191
11192
11193
11194
11195
11196
11197
11198
11199
11200
11201
11202
11203
11209
11210
11211
11212
11214
11215
11216
11217
11228
11229
11231
11232
11234
11235
11236
11238
11239
11240
11244
11245
11246
11247
11248
11249
11289
11290
11308
11309
11310
11317
11318
11338
11354
11356
11358
11364
11365
11366
11367
11379
11380
11381
11382
11383
11384
11385
11386
11387
11388
11389
11390
11391
11392
11393
11394
11398
11399
11400
11402
11417
11423
11424
11425
11426
11427
11428
11429
11430
11431
11432
11433
11434
11435
11436
11437
11438
11439
11440
11441
11442
11443
11444
11450
11451
11452
11453
11454
11455
11456
11457
11458
11459
11460
11461
11462
11470
11471
11483
11485
11486
11494
11498
11499
11511
11552
11553
11554
11555
11556
11557
11600
11601
11616
11617
11620
11621
11624
11625
11666
11698
11707
11708
11709
11710
11711
11712
11713
11714
11715
11716
11717
11718
11719
11720
11721
11722
11723
11724
11725
11727
11728
11729
11731
11732
11733
11734
11735
11736
11737
11739
11740
11741
11742
11744
11745
11755
11756
11758
11767
11844
11867
11888
11889
11890
11915
11916
11917
11918
11919
11920
11921
11922
11923
11924
11925
11926
11927
11928
11929
11930
11931
11932
11933
11934
11935
11936
11937
11938
11939
11940
11941
11942
11943
11944
11945
11946
11947
11948
11949
11950
11951
11952
11953
11954
11955
11956
11957
11958
11959
11960
11961
11962
11963
11964
11965
11993
11994
12003
12004
12041
12045
12046
12047
12048
12064
12094
12095
12100
12103
12104
12105
12111
12112
12113
12120
12121
12127
12128
12144
12146
12147
12148
12149
12150
12151
12152
12153
12154
12155
12156
12157
12158
12230
12239
12254
12255
12256
12260
12262
12263
12264
12265
12267
12268
12309
12330
12332
12334
12337
12339
12341
12343
12345
12347
12348
12349
12350
12351
12352
12353
12355
12356
12389
12390
12391
12444
12445
12446
12447
12448
12449
12451
12452
12460
12461
12462
12463
12467
12468
12475
12478
12536
12537
12538
12539
12540
12545
12546
12547
12548
12564
12565
12566
12567
12568
12569
12570
12573
12575
12576
12578
12581
12601
12602
12603
12604
12605
12606
12607
12609
12615
12616
12617
12618
12622
12657
12711
12712
12713
12714
12715
12716
12717
12718
12719
12720
12721
12722
12723
12724
12725
12729
12730
12731
12734
12735
12736
12737
12741
12744
12745
12746
12748
12749
12750
12761
12763
12764
12765
12766
12767
12768
12769
12770
12771
12775
12776
12779
12780
12781
12782
12783
12787
12798
12799
12802
12806
12807
12808
12809
12812
12813
12814
12816
12817
12820
12906
12907
12941
12942
12943
12963
12964
12965
12966
12982
12986
12987
12988
12989
13001
13002
13006
13007
13008
13009
13015
13016
13017
13018
13094
13095
13096
13097
13100
13101
13102
13103
13107
13108
13109
13110
13114
13118
13119
13120
13121
13126
13127
13128
13129
13130
13131
13132
13133
13134
13135
13136
13137
13138
13139
13140
13141
13142
13143
13144
13145
13146
13147
13148
13149
13150
13151
13152
13153
13154
13155
13156
13157
13158
13159
13160
13161
13162
13163
13164
13165
13166
13167
13168
13169
13170
13171
13172
13173
13174
13175
13176
13177
13178
13179
13180
13181
13182
13183
13184
13185
13186
13187
13188
13189
13190
13191
13192
13193
13194
13195
13196
13197
13198
13199
13200
13201
13202
13203
13204
13205
13206
13207
13208
13209
13210
13211
13212
13213
13214
13215
13216
13217
13218
13219
13220
13221
13222
13223
13224
13225
13226
13227
13228
13229
13230
13231
13232
13233
13234
13235
13236
13237
13238
13239
13240
13241
13242
13243
13244
13245
13246
13247
13248
13249
13250
13251
13252
13253
13254
13255
13256
13257
13258
13259
13260
13261
13262
13263
13264
13265
13266
13267
13268
13269
13270
13271
13272
13273
13274
13275
13276
13277
13278
13279
13280
13281
13282
13283
13284
13285
13286
13287
13288
13289
13290
13291
13292
13293
13294
13295
13296
13297
13298
13299
13300
13301
13302
13303
13304
13305
13306
13307
13308
13309
13310
13311
13312
13313
13314
13315
13316
13317
13318
13319
13320
13321
13322
13323
13324
13325
13326
13327
13328
13329
13330
13331
13332
13333
13334
13335
13336
13337
13341
13342
13343
13344
13345
13346
13347
13348
13349
13350
13351
13352
13353
13354
13355
13356
13357
13358
13359
13360
13361
13362
13363
13364
13365
13366
13367
13368
13369
13370
13372
13373
13374
13375
13376
13377
13378
13379
13380
13381
13382
13383
13384
13385
13386
13387
13388
13389
13390
13391
13392
13393
13394
13395
13396
13397
13398
13399
13400
13401
13402
13403
13404
13405
13406
13407
13408
13409
13411
13412
13413
13414
13415
13416
13417
13418
13419
13420
13421
13422
13423
13424
13425
13426
13427
13428
13429
13430
13431
13432
13433
13434
13435
13436
13437
13438
13439
13440
13441
13442
13443
13444
13445
13446
13447
13448
13449
13450
13451
13452
13453
13454
13455
13456
13457
13458
13459
13460
13461
13462
13463
13464
13465
13466
13467
13468
13469
13470
13471
13472
13473
13474
13475
13476
13477
13478
13479
13480
13481
13482
13483
13484
13485
13486
13487
13488
13489
13490
13491
13492
13493
13494
13495
13496
13497
13498
13499
13500
13501
13502
13503
13504
13505
13506
13507
13508
13509
13510
13511
13512
13513
13514
13515
13516
13517
13518
13519
13520
13521
13522
13523
13524
13525
13526
13527
13528
13529
13530
13531
13532
13533
13534
13535
13536
13537
13538
13539
13540
13541
13542
13543
13544
13545
13546
13547
13548
13549
13550
13551
13552
13553
13554
13555
13556
13557
13558
13559
13560
13561
13562
13563
13564
13565
13566
13567
13568
13569
13570
13571
13572
13573
13574
13575
13576
13577
13578
13579
13580
13581
13582
13583
13584
13585
13586
13587
13588
13589
13590
13591
13592
13593
13594
13595
13596
13597
13598
13599
13600
13601
13602
13603
13604
13605
13606
13607
13608
13609
13611
13613
13615
13616
13617
13618
13619
13620
13621
13622
13623
13624
13625
13626
13627
13628
13629
13630
13631
13632
13633
13634
13635
13636
13637
13638
13639
13640
13641
13642
13643
13644
13645
13646
13647
13648
13649
13650
13651
13652
13653
13654
13655
13656
13657
13658
13659
13660
13661
13662
13663
13664
13665
13666
13667
13668
13669
13670
13671
13672
13673
13674
13675
13676
13677
13678
13679
13680
13681
13682
13683
13684
13685
13686
13687
13688
13689
13690
13691
13692
13693
13694
13695
13696
13699
13700
13701
13702
13703
13704
13705
13706
13707
13708
13709
13710
13711
13712
13713
13714
13715
13716
13717
13718
13728
13729
13730
13731
13732
13733
13734
13735
13736
13737
13738
13739
13740
13741
13742
13743
13744
13745
13746
13747
13748
13749
13750
13751
13752
13753
13754
13755
13756
13757
13758
13759
13760
13761
13762
13763
13764
13765
13766
13767
13768
13769
13770
13771
13772
13773
13774
13775
13776
13777
13778
13779
13780
13781
13782
13783
13784
13785
13786
13787
13788
13789
13790
13791
13792
13793
13794
13795
13796
13797
13798
13799
13800
13801
13802
13803
13804
13805
13806
13807
13808
13809
13810
13811
13812
13813
13814
13815
13816
13817
13818
13819
13820
13821
13822
13823
13824
13825
13826
13827
13828
13829
13831
13832
13833
13834
13835
13836
13837
13838
13839
13846
13864
13866
13867
13868
13869
13870
13871
13872
13873
13878
13879
13882
13891
13892
13893
13894
13895
13896
13899
13900
13901
13904
13913
13914
13915
13916
13917
13918
13919
13920
13921
13922
13923
13924
13932
13933
13967
13969
13970
13971
13972
13973
13974
13975
13976
13977
13978
13979
13980
13994
13995
13996
13997
13998
13999
14002
14007
14009
14010
14011
14012
14058
14061
14064
14067
14070
14073
14076
14079
14082
14085
14088
14091
14094
14097
14100
14103
14106
14109
14112
14115
14118
14121
14124
14127
14130
14133
14136
14139
14142
14145
14148
14151
14154
14157
14160
14171
14175
14178
14179
14197
14216
14217
14218
14219
14220
14221
14224
14225
14226
14227
14228
14229
14230
14231
14232
14233
14234
14235
14236
14237
14238
14239
14240
14241
14242
14243
14244
14245
14246
14247
14248
14296
14304
14305
14306
14307
14308
14309
14314
14315
14367
14428
14735
14736
14737
14743
14745
14746
14747
14749
14750
14751
14752
14753
14754
14758
14773
14774
14826
14827
14828
14829
14830
14831
14832
14833
14834
14835
14836
14837
14838
14839
14840
14841
14842
14843
14844
14845
14846
14847
14848
14849
14850
14851
14852
14853
14854
14855
14856
14857
14858
14859
14860
14861
14862
14863
14864
14879
14880
14883
14884
14885
14886
14887
14888
14889
14890
14892
14893
14894
14895
14896
14897
14898
14899
14900
14901
14902
14903
14904
14905
14906
14907
14910
14912
14913
14914
14915
14916
14921
14922
14923
14924
14929
14931
14938
14964
14971
14973
14978
14982
15000
15001
15002
15003
15004
15005
15006
15007
15008
15009
15010
15030
15031
15032
15050
15051
15052
15053
15056
15062
15115
15116
15127
15186
15187
15188
15189
15191
15194
15195
15196
15197
15202
15204
15205
15206
15207
15208
15209
15210
15213
15216
15225
15237
15243
15244
15245
15246
15247
15248
15249
15250
15251
15253
15254
15255
15256
15257
15258
15259
15260
15261
15262
15263
15264
15265
15266
15267
15268
15269
15270
15271
15272
15273
15274
15275
15276
15277
15278
15279
15280
15281
15282
15283
15284
15285
15286
15287
15288
15289
15290
15291
15292
15293
15294
15295
15296
15297
15298
15299
15300
15301
15302
15303
15304
15305
15306
15307
15308
15309
15310
15311
15312
15313
15314
15315
15316
15317
15318
15319
15320
15321
15322
15323
15324
15325
15326
15327
15328
15329
15330
15331
15332
15333
15334
15335
15336
15337
15338
15339
15340
15341
15342
15343
15344
15345
15346
15347
15348
15349
15350
15351
15352
15353
15354
15355
15356
15357
15358
15359
15360
15361
15362
15363
15364
15365
15366
15367
15368
15369
15370
15371
15372
15373
15374
15375
15376
15377
15378
15379
15380
15381
15382
15383
15384
15385
15386
15387
15388
15389
15390
15391
15392
15393
15394
15395
15396
15397
15398
15399
15400
15401
15402
15403
15404
15405
15406
15407
15408
15409
15410
15411
15412
15413
15414
15415
15416
15417
15418
15419
15420
15421
15422
15423
15424
15425
15426
15427
15428
15429
15430
15431
15432
15433
15434
15435
15436
15437
15438
15439
15440
15441
15442
15443
15444
15445
15446
15447
15448
15449
15450
15451
15477
15478
15479
15480
15481
15482
15491
15492
15493
15503
15504
15505
15506
15507
15508
15510
15511
15512
15513
15514
15515
15516
15517
15521
15522
15523
15535
15536
15541
15542
15543
15544
15566
15570
15571
15572
15573
15574
15575
15576
15577
15578
15579
15580
15581
15582
15583
15584
15596
15598
15599
15600
15601
15604
15605
15624
15625
15626
15627
15628
15629
15630
15638
15641
15642
15644
15645
15647
15648
15650
15651
15653
15654
15656
15657
15658
15660
15664
15665
15668
15695
15696
15704
15711
15713
15720
15721
15722
15723
15724
15726
15731
15746
15747
15748
15750
15751
15752
15753
15755
15756
15757
15758
15759
15767
15790
15791
15810
15811
15812
15846
15872
15890
15892
15893
15895
15896
15898
15899
15901
15926
15928
15929
15930
15931
15934
15948
15951
15954
15970
15984
15985
15996
16005
16010
16043
16044
16047
16048
16049
16050
16065
16066
16077
16078
16079
16080
16081
16082
16089
16090
16112
16113
16114
16115
16116
16118
16123
16124
16135
16146
16147
16148
16149
16150
16152
16154
16172
16173
16174
16181
16184
16187
16189
16213
16215
16217
16219
16221
16223
16224
16250
16251
16252
16264
16265
16307
16308
16309
16378
16379
16450
16458
16459
16473
16475
16476
16484
16485
16487
16488
16490
16491
16493
16494
16495
16496
16501
16502
16503
16505
16506
16507
16509
16510
16511
16512
16513
16514
16515
16516
16517
16535
16536
16556
16559
16560
16561
16564
16565
16576
16577
16578
16579
16580
16581
16582
16583
16584
16585
16586
16587
16588
16589
16590
16591
16592
16593
16594
16599
16600
16604
16619
16620
16621
16622
16623
16624
16625
16626
16627
16628
16632
16633
16634
16635
16636
16637
16638
16640
16641
16679
16680
16684
16686
16687
16700
16708
16732
16733
16734
16735
16736
16774
16776
16777
16778
16779
16829
16831
16833
16835
16837
16839
16841
16843
16844
16845
16846
16847
16848
16858
16860
16884
16885
16902
16903
16945
16946
16947
16948
16959
16960
16961
16962
16998
16999
17000
17001
17002
17003
17004
17005
17006
17007
17008
17009
17010
17026
17027
17028
17031
17042
17043
17046
17047
17048
17049
17050
17051
17052
17062
17068
17074
17075
17076
17077
17080
17081
17089
17090
17091
17092
17093
17094
17100
17101
17114
17115
17120
17121
17122
17132
17143
17144
17148
17149
17155
17159
17160
17209
17222
17223
17232
17235
17238
17239
17240
17245
17246
17247
17248
17249
17267
17272
17276
17296
17297
17300
17301
17302
17303
17316
17317
17319
17320
17321
17367
17382
17383
17384
17385
17386
17387
17388
17389
17390
17391
17392
17393
17394
17395
17396
17397
17398
17399
17400
17401
17402
17403
17404
17405
17406
17407
17408
17409
17423
17424
17429
17432
17466
17600
17601
17679
17953
17954
17955
17956
17957
17958
17959
17960
17961
17962
17963
17964
17965
17966
17967
17968
17969
17970
17971
17972
17973
17974
17975
17976
17977
17978
17979
17980
17982
17984
17985
17986
17987
17989
17995
17996
17997
17998
17999
18000
18001
18002
18031
18032
18033
18034
18036
18037
18038
18039
18041
18042
18043
18044
18045
18046
18047
18049
18050
18051
18052
18054
18056
18057
18059
18060
18061
18062
18063
18065
18066
18067
18068
18069
18070
18071
18072
18073
18074
18076
18077
18078
18079
18081
18082
18085
18086
18087
18088
18089
18090
18091
18092
18093
18094
18095
18096
18097
18098
18099
18100
18101
18103
18104
18105
18106
18107
18108
18109
18110
18111
18112
18113
18114
18117
18118
18137
18144
18145
18155
18156
18168
18221
18230
18231
18232
18233
18254
18266
18304
18321
18322
18324
18325
18327
18381
18411
18427
18430
18431
18440
18441
18442
18443
18444
18489
18490
18491
18493
18495
18497
18502
18503
18504
18505
18506
18507
18508
18509
18510
18516
18594
18595
18596
18597
18598
18599
18610
18611
18612
18613
18614
18615
18616
18617
18618
18619
18620
18621
18622
18640
18641
18646
18647
18648
18649
18663
18667
18668
18669
18670
18671
18672
18673
18674
18675
18676
18677
18678
18679
18680
18681
18682
18683
18684
18690
18691
18694
18695
18698
18699
18700
18701
18702
18703
18711
18766
18767
18768
18769
18770
18771
18772
18773
18774
18775
18776
18777
18778
18779
18780
18781
18782
18783
18784
18785
18786
18787
18788
18789
18790
18791
18792
18793
18794
18795
18796
18797
18798
18799
18800
18801
18802
18803
18804
18805
18806
18807
18808
18809
18810
18811
18812
18813
18814
18815
18818
18819
18820
18821
18822
18823
18824
18825
18826
18827
18828
18829
18830
18831
18832
18833
18834
18843
18855
18869
18870
18871
18872
18873
18875
18877
18878
18879
18880
18881
18882
18883
18884
18885
18886
18888
18889
18898
18899
18900
18902
18903
18904
18907
18922
18923
18924
18951
18952
18953
18954
18958
18959
18960
18961
18962
18967
18968
18969
18970
18971
18972
18973
18974
18975
18976
18977
18978
18979
18980
18981
18982
18983
18984
18985
18986
18987
18988
18989
18990
18991
18992
18993
18994
18995
18996
18997
18998
18999
19000
19001
19002
19003
19004
19005
19006
19007
19008
19009
19010
19011
19012
19013
19014
19015
19016
19017
19018
19019
19020
19021
19022
19023
19024
19025
19026
19027
19028
19029
19030
19031
19032
19033
19034
19035
19038
19039
19040
19093
19110
19125
19126
19127
19128
19129
19145
19159
19171
19174
19175
19178
19180
19182
19184
19186
19187
19189
19190
19191
19192
19205
19206
19215
19216
19217
19218
19220
19221
19222
19223
19224
19226
19227
19228
19230
19231
19232
19233
19234
19235
19236
19333
19334
19335
19336
19337
19339
19340
19341
19342
19343
19344
19345
19346
19347
19348
19349
19350
19351
19352
19353
19354
19355
19356
19357
19358
19359
19360
19361
19362
19363
19364
19365
19366
19367
19368
19369
19370
19371
19372
19373
19374
19375
19376
19377
19378
19379
19380
19381
19382
19383
19384
19385
19386
19387
19388
19389
19390
19391
19392
19393
19394
19395
19396
19397
19398
19399
19400
19401
19402
19403
19404
19405
19406
19407
19408
19409
19410
19411
19412
19413
19414
19415
19416
19417
19418
19419
19420
19421
19422
19423
19424
19425
19426
19427
19428
19429
19430
19434
19435
19438
19439
19440
19492
19493
19494
19552
19553
19593
19594
19640
19641
19650
19651
19652
19654
19656
19659
19661
19662
19663
19665
19667
19669
19670
19671
19673
19675
19677
19678
19679
19681
19690
19691
19752
19753
19759
19760
19762
19763
19764
19791
19792
19798
19809
19811
19812
19846
19847
19849
19877
19878
19884
19886
19888
19891
19894
19897
19900
19903
19906
19909
19914
19915
19916
19917
19918
19919
19922
19923
19924
19925
19926
19945
19950
19967
19969
19970
19971
19972
19973
19974
19975
19976
19977
19978
19979
19980
19984
19985
19986
19987
19988
19989
19996
20045
20046
20049
20050
20056
20084
20085
20087
20088
20089
20090
20095
20133
20134
20149
20150
20151
20164
20165
20166
20167
20168
20193
20194
20195
20196
20197
20198
20199
20200
20201
20202
20203
20204
20205
20206
20207
20208
20209
20210
20211
20226
20227
20228
20229
20230
20231
20232
20233
20234
20235
20237
20238
20239
20241
20242
20243
20247
20248
20250
20264
20265
20266
20271
20272
20275
20277
20278
20280
20281
20284
20285
20286
20287
20288
20325
20340
20341
20348
20350
20353
20354
20356
20357
20365
20369
20377
20378
20391
20407
20408
20409
20410
20411
20412
20413
20414
20415
20416
20417
20418
20419
20420
20421
20422
20423
20424
20425
20426
20435
20439
20440
20441
20442
20443
20444
20445
20446
20447
20448
20449
20450
20451
20463
20464
20465
20466
20467
20468
20469
20524
20525
20527
20535
20572
20573
20574
20575
20576
20577
20619
20652
20653
20654
20655
20656
20657
20684
20693
20717
20718
20719
20720
20721
20722
20749
20782
20783
20784
20785
20786
20787
20814
20815
20816
20817
20818
20819
20820
20821
20822
20823
20824
20825
20826
20827
20828
20829
20830
20831
20832
20833
20834
20835
20836
20837
20838
20839
20840
20841
20842
20843
20844
20845
20846
20847
20848
20849
20850
20851
20852
20853
20854
20855
20856
20857
20858
20859
20860
20861
20862
20863
20864
20865
20866
20867
20868
20869
20870
20871
20872
20873
20874
20875
20876
20877
20878
20879
20880
20881
20882
20883
20884
20885
20886
20887
20888
20889
20890
20891
20892
20893
20894
20895
20896
20897
20898
20899
20900
20901
20915
20916
20917
20918
20920
20922
20924
20925
20926
20928
20930
20931
20964
20965
20966
20967
20968
20969
20970
20971
20987
21035
21055
21065
21068
21086
21095
21120
21126
21127
21128
21129
21130
21131
21132
21133
21134
21142
21143
21148
21149
21150
21151
21152
21153
21154
21155
21156
21157
21158
21159
21160
21161
21162
21164
21167
21169
21170
21171
21172
21175
21176
21177
21179
21180
21181
21182
21187
21243
21250
21251
21252
21253
21254
21255
21256
21257
21258
21259
21260
21261
21262
21263
21264
21265
21266
21267
21268
21269
21270
21272
21273
21275
21276
21277
21278
21279
21280
21281
21282
21283
21284
21285
21286
21287
21288
21289
21290
21291
21292
21293
21294
21295
21296
21297
21298
21299
21300
21301
21303
21304
21305
21306
21307
21308
21309
21310
21311
21312
21313
21314
21315
21316
21317
21318
21319
21340
21341
21342
21343
21394
21395
21396
21397
21398
21399
21400
21401
21402
21403
21404
21405
21406
21455
21505
21506
21507
21508
21512
21513
21514
21515
21560
21578
21581
21583
21584
21585
21586
21587
21588
21589
21590
21592
21593
21594
21595
21596
21597
21598
21599
21600
21601
21622
21668
21669
21670
21671
21672
21673
21674
21675
21687
21709
21731
21753
21764
21766
21767
21768
21769
21781
21782
21794
21800
21814
21870
21871
21872
21873
21880
21893
21894
21908
21909
21910
21911
21912
21913
21914
21915
21916
21917
21921
21922
21924
21929
21946
21947
22007
22097
22113
22114
22115
22116
22117
22118
22121
22122
22164
22172
22173
22247
22248
22250
22252
22253
22254
22274
22275
22298
22299
22300
22301
22302
22353
22354
22365
22366
22367
22368
22369
22371
22372
22421
22424
22427
22432
22433
22434
22435
22436
22437
22438
22453
22454
22457
22473
22474
22475
22476
22496
22497
22498
22499
22500
22501
22502
22503
22504
22505
22506
22507
22508
22509
22510
22511
22512
22513
22514
22515
22516
22517
22518
22519
22520
22521
22522
22523
22524
22525
22526
22527
22528
22529
22530
22531
22533
22534
22535
22537
22538
22552
22556
22557
22564
22569
22572
22600
22601
22602
22608
22609
22650
22651
22656
22657
22664
22666
22667
22681
22682
22697
22698
22730
22735
22763
22778
22779
22819
22913
22914
22920
22921
22931
22932
22933
22934
22935
22936
22937
22938
22939
22940
22941
22942
22945
23042
23043
23045
23047
23052
23055
23056
23057
23058
23074
23091
23092
23093
23094
23095
23102
23112
23113
23114
23115
23116
23117
23118
23119
23120
23123
23156
23157
23158
23216
23217
23271
23274
23275
23276
23279
23283
23284
23285
23286
23287
23338
23339
23340
23341
23342
23343
23376
23377
23378
23499
23504
23530
23531
23532
23533
23554
23555
23556
23557
23558
23559
23560
23561
23562
23563
23564
23565
23566
23567
23568
23569
23570
23571
23584
23585
23596
23610
23611
23625
23626
23627
23628
23629
23630
23636
23731
23917
23918
23919
23921
24070
24072
24073
24074
24075
24085
24086
24087
24168
24192
24203
24204
24205
24206
24208
24263
24264
24281
24282
24294
24295
24322
24343
24349
24350
24351
24352
24353
24354
24355
24356
24357
24358
24359
24360
24361
24362
24363
24364
24365
24366
24367
24369
24370
24373
24374
24375
24376
24377
24378
24379
24381
24383
24384
24389
24390
24391
24392
24427
24428
24452
24535
24536
24539
24540
24541
24542
24543
24544
24545
24546
24547
24548
24549
24550
24551
24559
24560
24561
24563
24564
24565
24567
24590
24591
24592
24593
24594
24595
24596
24597
24598
24599
24600
24601
24602
24603
24605
24606
24607
24608
24609
24610
24611
24612
24613
24614
24615
24616
24617
24618
24620
24621
24622
24624
24625
24627
24628
24629
24630
24631
24632
24634
24635
24637
24639
24640
24641
24643
24644
24645
24646
24647
24648
24649
24650
24651
24652
24654
24655
24656
24657
24658
24659
24660
24661
24663
24668
24669
24670
24671
24672
24673
24681
24682
24685
24686
24687
24692
24710
24717
24718
24721
24722
24723
24724
24725
24726
24728
24733
24735
24749
24759
24767
24771
24772
24780
24795
24796
24799
24802
24815
24816
24819
24839
24841
24842
24874
24875
24876
24880
24907
24908
24909
24910
24911
24914
24918
24919
24925
24926
24930
24931
24932
24933
24935
24936
24988
24991
25014
25016
25019
25020
25021
25029
25034
25035
25038
25040
25041
25042
25043
25044
25045
25046
25115
25118
25154
25161
25213
25214
25216
25268
25274
25275
25286
25336
25337
25338
25339
25340
25341
25362
25368
25369
25370
25371
25372
25373
25385
25386
25387
25388
25389
25390
25391
25392
25397
25401
25417
25418
25429
25431
25432
25434
25437
25438
25439
25440
25441
25526
25527
25578
25579
25580
25581
25582
25583
25592
25593
25594
25595
25604
25606
25607
25629
25630
25631
25632
25638
25639
25640
25641
25642
25643
25647
25655
25662
25663
25664
25665
25666
25667
25682
25683
25684
25685
25686
25687
25688
25689
25694
25695
25696
25697
25698
25701
25702
25703
25704
25705
25706
25708
25709
25710
25711
25712
25713
25714
25715
25716
25717
25718
25719
25720
25722
25723
25724
25725
25726
25727
25728
25748
25750
25766
25767
25775
25782
25786
25787
25788
25789
25790
25791
25793
25794
25799
25800
25801
25804
25805
25806
25807
25808
25813
25814
25815
25816
25818
25819
25820
25824
25825
25826
25827
25828
25843
25844
25876
25877
25880
25889
25927
25935
25937
25938
25939
25940
25941
25942
25956
26017
26042
26053
26073
26081
26082
26106
26107
26109
26110
26111
26112
26113
26114
26115
26118
26119
26120
26121
26122
26130
26131
26132
26133
26143
26144
26145
26146
26147
26148
26149
26150
26151
26188
26189
26191
26193
26194
26207
26208
26286
26287
26288
26289
26293
26295
26296
26297
26299
26300
26301
26303
26305
26306
26323
26324
26325
26327
26328
26329
26338
26340
26341
26343
26345
26384
26425
26426
26427
26428
26439
26440
26488
26489
26494
26495
26518
26519
26560
26561
26570
26571
26572
26573
26574
26575
26684
26685
26686
26706
26707
26713
26714
26715
26720
26721
26725
26742
26743
26744
26745
26746
26747
26748
26749
26750
26754
26771
26772
26773
26787
26791
26792
26802
26803
26804
26806
26807
26808
26810
26814
26844
26845
26847
26849
26850
26851
26852
26906
26907
26908
26909
26910
26911
26913
26914
26916
26917
26933
26934
26935
26936
26937
26938
26939
26940
26941
26942
26943
26944
26961
26962
26969
26972
26982
26983
27010
27011
27012
27013
27014
27015
27016
27017
27022
27023
27024
27025
27026
27027
27028
27029
27030
27031
27032
27033
27034
27035
27036
27037
27038
27039
27040
27041
27042
27043
27044
27045
27046
27047
27048
27049
27055
27058
27059
27062
27065
27066
27078
27085
27086
27087
27126
27128
27129
27130
27151
27152
27173
27174
27175
27176
27180
27181
27182
27185
27186
27211
27212
27218
27242
27243
27245
27246
27247
27248
27249
27250
27251
27252
27253
27254
27255
27256
27257
27260
27261
27266
27276
27278